%  Voltage and Current Data - Dataset 1 (Li = 0.02)
voltage_0_02 = [0.00048251, 0.46994514, 0.60610801, 0.76101079, 0.78710353, ...
                0.8075957, 0.81649332, 0.83236221, 0.84631351, 0.85273444, ...
                0.86469026];
current_0_02 = [3.94096E-17, 0.00000001, 0.0000001, 0.000001, 0.0000014, ...
                0.0000018, 0.000002, 0.0000024, 0.0000028, 0.000003, ...
                0.0000034]*1e6;

% Voltage and Current Data - Dataset 2 (Li = 0.03)
voltage_0_03 = [0.000488822, 0.58357879, 0.70167322, 0.84218897, 0.86723981, ...
                0.88731189, 0.36577285, 0.47293077, 0.74028359, 0.76398791, ...
                0.78145668, 0.79545426, 0.80722718, 0.81744726, 0.82651917, ...
                0.83470606, 0.8490979, 0.85552949, 0.86155756, 0.87262226, ...
                0.87774219, 0.88263023, 0.89180865, 0.89614202, 0.90032105, ...
                0.90436255, 0.90827828, 0.91207851, 0.91577233];
current_0_03 = [6.15086E-17, 0.00000001, 0.0000001, 0.000001, 0.0000014, ...
                0.0000018, 1E-10, 0.000000001, 0.0000002, 0.0000003, ...
                0.0000004, 0.0000005, 0.0000006, 0.0000007, 0.0000008, ...
                0.0000009, 0.0000011, 0.0000012, 0.0000013, 0.0000015, ...
                0.0000016, 0.0000017, 0.0000019, 0.000002, 0.0000021, ...
                0.0000022, 0.0000023, 0.0000024, 0.0000025]*1e6;

% Voltage and Current Data - Dataset 3 (Li = 0.04)
voltage_0_04 = [0.003326188, 0.62571556, 0.73475306, 0.87176266, 0.89776413, ...
                0.91903288, 0.92851168, 0.95982227, 0.42768146, ...
                0.52496215, 0.77124453, 0.79399843, 0.8109792, 0.82473353, ...
                0.83641307, 0.84664007, 0.85579016, 0.86410812, 0.87887516, ...
                0.88553597, 0.89181425, 0.90342882, 0.9088434, 0.91403674, ...
                0.92385212, 0.93302637, 0.937409, 0.94167186, 0.95731341, ...
                0.96808218, 0.97945023];
current_0_04 = [3.18434E-17, 0.00000001, 0.0000001, 0.000001, 0.0000014, ...
                0.0000018, 0.000002, 0.0000024, 1E-10, 0.000000001, ...
                0.0000002, 0.0000003, 0.0000004, 0.0000005, 0.0000006, ...
                0.0000007, 0.0000008, 0.0000009, 0.0000011, 0.0000012, ...
                0.0000013, 0.0000015, 0.0000016, 0.0000017, 0.0000019, ...
                0.000002, 0.0000021, 0.0000022, 0.0000023, 0.0000025, ...
                0.0000026, 0.0000027]*1e6;

% Voltage and Current Data - Dataset 4 (Li = 0.05)
voltage_0_05 = [0.003326188,0.467, 0.558, 0.76, 0.793, 0.816, 0.833, 0.847, 0.859, 0.87, ...
                0.88, 0.889, 0.905, 0.912, 0.919, 0.931, 0.941, 0.948, ...
                0.959, 0.969, 0.979, 0.989, 0.995, 1.002, 1.01, 1.017, ...
                1.025, 1.033, 1.041, 1.05, 1.059, 1.068];
current_0_05 = [3.18434E-17,1E-10, 1E-9, 1E-7, 2E-7, 3E-7, 4E-7, 5E-7, 6E-7, 7E-7, 8E-7, ...
                9E-7, 1.1E-6, 1.2E-6, 1.3E-6, 1.5E-6, 1.6E-6, 1.7E-6, ...
                1.8E-6, 1.9E-6, 2E-6, 2.1E-6, 2.2E-6, 2.3E-6, 2.4E-6, ...
                2.5E-6, 2.6E-6, 2.7E-6, 2.8E-6, 2.9E-6, 3E-6, 3.1E-6]*1e6;

% Voltage and Current Data - Dataset 5 (Li = 0.06)
voltage_0_06 = [2.36E-05, 0.679, 0.781, 0.927, 1.01, 1.09, 1.13, 1.2, ...
                0.501, 0.588, 0.817, 0.841, 0.859, 0.874, 0.887, 0.898, ...
                0.909, 0.918, 0.937, 0.961, 0.984, 1.03, 1.05, 1.06, ...
                1.11, 1.14, 1.16, 1.18, 1.21, 1.23, 1.25];
current_0_06 = [4.14E-17, 1E-8, 1E-7, 1E-6, 1.4E-6, 1.8E-6, 2E-6, 2.4E-6, ...
                1E-10, 1E-9, 2E-7, 3E-7, 4E-7, 5E-7, 6E-7, 7E-7, ...
                8E-7, 9E-7, 1.1E-6, 1.2E-6, 1.3E-6, 1.5E-6, 1.6E-6, 1.7E-6, ...
                1.9E-6, 2.1E-6, 2.2E-6, 2.3E-6, 2.5E-6, 2.6E-6, 2.7E-6]*1e6;

% Voltage and Current Data - Dataset 6 (Li = 0.08)
voltage_0_08 = [0.000147373, 0.70799001, 0.81002845, 1.0454695, 1.2086505, ...
                1.3274593, 1.3778703, 1.4848956, 0.53914019, 0.62116996, ...
                0.84883539, 0.87503156, 0.89578472, 0.91342926, 0.92903205, ...
                0.94642189, 0.97582845, 1.0086951, 1.0863861, 1.1308015, ...
                1.1750241, 1.2341282, 1.2659035, 1.2983186, 1.354281, 1.4100501, ...
                1.4213478, 1.4626379];
current_0_08 = [4.51293E-17, 0.00000001, 0.0000001, 0.000001, 0.0000014, ...
                0.0000018, 0.000002, 0.0000024, 1E-10, 0.000000001, ...
                0.0000002, 0.0000003, 0.0000004, 0.0000005, 0.0000006, ...
                0.0000007, 0.0000008, 0.0000009, 0.0000011, 0.0000012, ...
                0.0000013, 0.0000015, 0.0000016, 0.0000017, 0.0000019, ...
                0.0000021, 0.0000022, 0.0000023]*1e6;

voltage_0_1 = [0.000568882, 0.72376493, 0.82951631, 1.1833548, 1.4339381, ...
           1.5951651, 1.6694144, 0.55938304, 0.63863566, 0.87294893, ...
           0.90349863, 0.92837356, 0.95676695, 0.99297538, 1.0329175, ...
           1.0775007, 1.1273674, 1.2460806, 1.3149191, 1.3844715, ...
           1.4659072, 1.5170973, 1.5559406, 1.6323384, 1.7061569, ...
           1.7405208];

% Current values
current_0_1 = [7.73405E-17, 0.00000001, 0.0000001, 0.000001, 0.0000014, ...
           0.0000018, 0.000002, 1E-10, 0.000000001, 0.0000002, ...
           0.0000003, 0.0000004, 0.0000005, 0.0000006, 0.0000007, ...
           0.0000008, 0.0000009, 0.0000011, 0.0000012, 0.0000013, ...
           0.0000015, 0.0000016, 0.0000017, 0.0000019, 0.0000021, ...
           0.0000022]*1e6;



% % Add starting point (0, 0) marker for each dataset
% voltage_0_02 = [0, voltage_0_02];    
% current_0_02 = [1e-20, current_0_02];  % Very small current to avoid log(0)
% voltage_0_03 = [0, voltage_0_03];    
% current_0_03 = [1e-20, current_0_03];  % Very small current to avoid log(0)
% voltage_0_04 = [0, voltage_0_04];    
% current_0_04 = [1e-20, current_0_04];  % Very small current to avoid log(0)
% voltage_0_05 = [0, voltage_0_05];    
% current_0_05 = [1e-20, current_0_05];  % Very small current to avoid log(0)
% voltage_0_06 = [0, voltage_0_06];    
% current_0_06 = [1e-20, current_0_06];  % Very small current to avoid log(0)
% voltage_0_08 = [0, voltage_0_08];    
